[ 1.]
[1.0426762, 0.46429777, -0.075956345] yes
[ 1.]
[0.7764127, 0.2771759, 0.03630829] yes
[ 1.]
[-0.6642836, -0.14018297, -0.60495377] yes
[ 1.]
[-0.71364605, 0.07327986, -0.06583595] yes
[ 1.]
[-0.48319682, -0.04128456, -0.06802845] yes
[ 1.]
[-0.44947955, -0.118639946, 0.07434368] yes
[ 1.]
[-0.21044645, -0.075351715, 0.02312851] yes
[ 1.]
[-0.7462922, -0.2293725, 0.14806938] yes
[ 1.]
[-0.036411762, -0.74862003, 0.3003645] no
[ 1.]
[-0.036411762, -0.74862003, 0.3003645] no
[ 1.]
[0.5523015, 0.2528596, 0.7382355] no
[ 1.]
[0.5523015, 0.2528596, 0.7382355] no
[ 1.]
[0.66945744, -0.26692152, -1.0309439] no
[ 1.]
[0.66945744, -0.26692152, -1.0309439] no
[ 1.]
[0.0, 0.0, -0.0] no
[ 1.]
[0.0, 0.0, -0.0] no
[ 1.]
[-0.2596028, -0.36553574, 0.32951927] no
[ 1.]
[-0.2596028, -0.36553574, 0.32951927] no
[ 1.]
[0.62891173, -0.5162134, -0.0341959] no
[ 1.]
[0.62891173, -0.5162134, -0.0341959] no
[ 1.]
[-0.14923966, -0.20881577, 0.76640624] yes
[ 1.]
[-0.103434905, -0.044607237, 0.58453447] yes
[ 1.]
[0.96264815, 0.0071850587, 1.4160553] yes
[ 1.]
[0.655936, -0.3330574, 0.6129753] yes
[ 1.]
[0.3779714, 0.5187588, -0.8522625] yes
[ 1.]
[0.16452593, 0.17530966, 0.5707884] yes
[ 1.]
[1.0541946, 0.20489454, 0.78890896] yes
[ 1.]
[1.0430597, -0.37426758, 1.6428127] yes
[ 1.]
[0.12010217, -0.7247095, 0.42224216] yes
[ 1.]
[0.0024647713, 0.37160063, 0.08598995] yes
[ 1.]
[0.39466453, -0.088299274, 0.10771561] yes
[ 1.]
[-1.6245666, 0.17456818, -0.3806553] yes
[ 1.]
[-0.15343094, 0.5083429, -0.12708573] yes
[ 1.]
[-0.18815872, -0.4204756, 0.5707631] yes
[ 1.]
[-0.5322931, -0.31898665, 0.94049424] yes
[ 1.]
[-0.66147447, -0.8069719, 1.802851] yes
[ 1.]
[0.12753479, -0.051193543, 1.4584172] yes
[ 1.]
[-0.026644593, 0.73033124, 0.3568579] yes
[ 1.]
[-0.0028440857, 0.3634442, 0.6676117] yes
[ 1.]
[0.2031095, -0.41898125, -0.7366619] yes
[ 1.]
[1.1449397, -0.32521737, -0.34395218] yes
[ 1.]
[1.1901984, -0.065041184, 0.70335484] yes
[ 1.]
[0.5437942, -0.03396344, -0.75526714] yes
[ 1.]
[1.0577171, -0.5683323, -0.19409943] yes
[ 1.]
[0.9668485, -0.34107, 0.60148716] yes
[ 1.]
[1.0486004, -0.1127764, 0.5518284] yes
[ 1.]
[0.13302433, -0.5958726, 0.22821808] yes
[ 1.]
[0.1518158, -0.04749453, 0.5304184] yes
[ 1.]
[0.49724767, 1.7570646, -2.1115751] yes
[ 1.]
[0.49724767, 1.7570646, -2.1115751] yes
[ 1.]
[0.22633044, 1.219163, -1.0240831] yes
[ 1.]
[0.22633044, 1.219163, -1.0240831] yes
[ 1.]
[0.6730788, 0.7101283, -0.38346863] yes
[ 1.]
[0.6730788, 0.7101283, -0.38346863] yes
[ 1.]
[-0.3991741, 0.057807446, -0.32421875] yes
[ 1.]
[-0.3991741, 0.057807446, -0.32421875] yes
[ 1.]
[0.41887364, -0.9579315, 1.3105068] yes
[ 1.]
[0.41887364, -0.9579315, 1.3105068] yes
[ 1.]
[-0.5373297, -1.5516462, 0.50995255] yes
[ 1.]
[-0.5373297, -1.5516462, 0.50995255] yes
[ 1.]
[-0.4815611, -0.036945343, 0.05431652] yes
[ 1.]
[-0.4815611, -0.036945343, 0.05431652] yes
[ 1.]
[1.3807683, -0.75662136, 0.09993458] yes
[ 1.]
[1.3807683, -0.75662136, 0.09993458] yes
[ 1.]
[-0.41683584, -0.91246486, 0.3745327] yes
[ 1.]
[-0.007192999, -0.8221936, -0.2393322] yes
[ 1.]
[0.5337585, 0.76794136, -0.1882801] yes
[ 1.]
[0.43390626, 0.074258566, 0.4226265] yes
[ 1.]
[0.27633846, -0.003850937, 0.0647707] yes
[ 1.]
[-0.24107021, 0.22454655, 0.20474339] yes
[ 1.]
[0.37112215, -0.16138554, -0.25300884] yes
[ 1.]
[-0.563786, 0.019756675, -0.0154953] yes
[ 1.]
[-0.36889356, -0.06389511, 0.048028946] yes
[ 1.]
[-0.48300457, -0.61539745, 0.04887581] yes
[ 1.]
[0.16276827, 0.5315769, 0.24540806] yes
[ 1.]
[0.34767795, 0.4672134, -0.4384079] yes
[ 1.]
[0.7808338, -0.007284522, 0.21911716] yes
[ 1.]
[-0.07679239, -0.7533741, -0.0051403046] yes
[ 1.]
[-0.02182275, -0.33884692, 0.14302063] yes
[ 1.]
[0.026085436, 0.12157893, 0.19298267] yes
[ 1.]
[-0.07652891, 0.077908516, 0.09925556] yes
[ 1.]
[-0.08113277, 0.40171385, -0.10910702] yes
[ 1.]
[0.24302536, -0.13520646, -0.7537775] yes
[ 1.]
[0.17674434, -0.3193121, 0.3330021] yes
[ 1.]
[0.42850462, -0.13376713, -0.29705048] yes
[ 1.]
[0.5747125, -0.26345825, 0.481328] yes
[ 1.]
[0.64494646, -0.85888743, 1.209918] yes
[ 1.]
[-0.01850377, 0.54248726, -0.6867876] yes
[ 1.]
[-0.0567953, 0.3765763, -0.6112509] yes
[ 1.]
[-0.08270536, -0.83087206, -0.398798] yes
[ 1.]
[0.11528605, -1.2132634, -0.34272003] yes
[ 1.]
[0.31961453, -0.09711099, 0.30265617] yes
[ 1.]
[0.7368797, 0.27383137, 0.10926151] yes
[ 1.]
[-0.19023168, -0.14578319, 0.001411438] yes
[ 1.]
[0.13489836, -0.41512716, -1.0029488] yes
[ 1.]
[-0.05471462, -0.47562504, 0.700119] yes
[ 1.]
[0.19898069, 0.16860676, 0.24875355] yes
[ 1.]
[0.53651863, -0.32517064, 0.3116789] yes
[ 1.]
[0.80412954, -0.2522949, -0.20847034] yes
[ 1.]
[0.44412407, -0.5363991, 0.37713814] yes
[ 1.]
[0.75607276, -0.09029961, 0.45053673] yes
[ 1.]
[1.0748972, -0.016153574, -0.5441637] yes
[ 1.]
[1.1294333, 0.39969516, 0.2076931] yes
[ 1.]
[0.41125888, -0.76860356, 0.16915417] yes
[ 1.]
[0.66238064, -1.0462325, 0.64467907] yes
[ 1.]
[-0.030407399, -0.82709837, 0.24150276] yes
[ 1.]
[0.0731721, -0.37965703, 0.07598591] yes
[ 1.]
[0.07144803, -0.2698593, 0.23153687] yes
[ 1.]
[0.33569932, -1.4003153, 0.81554794] yes
[ 1.]
[0.23316771, -1.5101045, -0.22083187] yes
[ 1.]
[0.17745939, -0.31651616, -0.51266766] yes
[ 1.]
[0.32750234, 0.12615484, 0.3818016] yes
[ 1.]
[-0.108653754, 0.16859198, 0.40225124] yes
[ 1.]
[0.73690575, 0.80984867, -0.06294346] yes
[ 1.]
[0.26748756, 1.0645976, -0.25778198] yes
[ 1.]
[0.24713193, 0.17717826, 0.15482903] yes
[ 1.]
[-0.08650696, -0.11303365, 0.04255581] yes
[ 1.]
[-0.0039188564, 0.14630818, 0.18541908] yes
[ 1.]
[0.17959088, 0.0332644, -0.15728188] yes
[ 1.]
[0.13399693, 0.09942722, 0.090382576] yes
[ 1.]
[0.21559802, -0.13135433, 0.006211281] yes
[ 1.]
[0.09812522, 0.14777112, -0.19012547] yes
[ 1.]
[0.35119194, -0.37471986, 0.11975479] yes
[ 1.]
[0.05879122, -0.21696663, 0.055874825] yes
[ 1.]
[0.0031478107, -0.19631207, 0.05045414] yes
[ 1.]
[0.121692896, -0.043377757, 0.06307888] yes
