[ 1.]
[-0.1751400416132105, -1.2461353949663754, 0.08656014021571456] yes
[ 1.]
[-0.032572069157855044, -1.534269940506721, -0.2444445117144185] yes
[ 1.]
[-0.9507007908209957, -0.7147426362363749, -1.4142647355369362] yes
[ 1.]
[-1.3317380303980264, -1.7932888618790856, -1.334593245231168] yes
[ 1.]
[-1.0839481037955419, -0.5309751291753964, -0.5368664831243759] yes
[ 1.]
[-1.1099088675183102, -0.4538712390361561, -0.2560350901857591] yes
[ 1.]
[-0.161590490349095, -0.5068095928326368, -1.3765446267694268] yes
[ 1.]
[-0.7004271506029132, -1.7104097504881568, -0.934767353812358] yes
[ 1.]
[-0.38052788654343983, -0.8023762946675337, -1.426025618118071] no
[ 1.]
[-0.38052788654343983, -0.8023762946675337, -1.426025618118071] no
[ 1.]
[-1.2142349349071087, -0.8724071183384359, -1.4012572465644326] no
[ 1.]
[-1.2142349349071087, -0.8724071183384359, -1.4012572465644326] no
[ 1.]
[0.21012489813948765, -1.0052030396642788, -1.3967055820239194] no
[ 1.]
[0.21012489813948765, -1.0052030396642788, -1.3967055820239194] no
[ 1.]
[-0.045047484282500605, -0.6274744753043429, -1.6955325849646514] no
[ 1.]
[-0.045047484282500605, -0.6274744753043429, -1.6955325849646514] no
[ 1.]
[-1.6926617224152962, -1.4230420345821475, -1.729617088444582] no
[ 1.]
[-1.6926617224152962, -1.4230420345821475, -1.729617088444582] no
[ 1.]
[-1.4349436995346572, -0.11659896211992082, -1.0695767061497987] no
[ 1.]
[-1.4349436995346572, -0.11659896211992082, -1.0695767061497987] no
[ 1.]
[-0.4725789259718596, -1.438513936397649, -1.1701431737439503] yes
[ 1.]
[-1.5659290340646717, -0.8345923810555105, -1.4746101269219407] yes
[ 1.]
[-1.6400857448054522, -1.6601699961574334, -1.232324040529046] yes
[ 1.]
[-1.0361075296003923, -0.7553938818395487, -1.6491190217847385] yes
[ 1.]
[-1.3121243307512598, -0.8732696058126925, -1.1072449042310883] yes
[ 1.]
[-0.4158968864322836, -1.3441456409689305, -1.2462718474297818] yes
[ 1.]
[-1.4170913438709152, -1.7064589296520096, -1.630663457998451] yes
[ 1.]
[-1.4258150213684155, -1.1487561055619024, -0.795320033949253] yes
[ 1.]
[-1.2908744411779114, -0.6190516035347025, -1.801603042100123] yes
[ 1.]
[-0.5422716108635535, -0.9279776219070488, -0.7819023814602426] yes
[ 1.]
[-1.6942478487607908, -0.5777717761551373, -0.46011826127707334] yes
[ 1.]
[-1.3276331471985712, -1.6518672023430683, -1.1690788845557922] yes
[ 1.]
[-1.7149624698594168, -1.3708180499169134, -1.3029731504326136] yes
[ 1.]
[-1.0616534630544434, -0.7744044004157637, -1.590868817789165] yes
[ 1.]
[-1.2268947107966182, -1.6923161471199089, -1.5076785655621072] yes
[ 1.]
[-0.14768723534864447, -0.5341323881466513, -1.5935879910079302] yes
[ 1.]
[-0.4595294815750055, -1.349185175633933, -1.4370760461863545] yes
[ 1.]
[-0.8445978689165834, -0.31449127192748705, -0.3731835079102397] yes
[ 1.]
[-1.1449462944632847, -1.3915602230991535, -1.1413431309652429] yes
[ 1.]
[-0.09119128016559053, -0.7640313950416253, -0.8640366522139269] yes
[ 1.]
[-1.100849191909921, -0.7954975973664378, -0.9285644838565519] yes
[ 1.]
[-0.932412060025285, -0.23563498145718276, -1.3533339005525626] yes
[ 1.]
[-1.6163157749011623, -0.4090953895741274, -1.0319652951269125] yes
[ 1.]
[-1.070845153455735, -1.6014719505881214, -1.2211449245200847] yes
[ 1.]
[-1.7936174714626898, -1.1527034412968726, -1.3398340134121058] yes
[ 1.]
[-0.721345967775624, -1.1704701043073769, -0.37320008114892644] yes
[ 1.]
[-1.5503238135099404, -0.7930730503407939, -1.5265016630373798] yes
[ 1.]
[-1.4072680860653755, -0.25070943673007084, -0.7995549699517079] yes
[ 1.]
[-0.8675793165552932, -0.4536468582045483, -1.0381981988105924] yes
[ 1.]
[-0.8675793165552932, -0.4536468582045483, -1.0381981988105924] yes
[ 1.]
[-1.7043543069729712, -1.7634327621105343, -0.23845243846907316] yes
[ 1.]
[-1.7043543069729712, -1.7634327621105343, -0.23845243846907316] yes
[ 1.]
[-0.9468114899358069, -0.4697533871668038, -0.3197883270867221] yes
[ 1.]
[-0.9468114899358069, -0.4697533871668038, -0.3197883270867221] yes
[ 1.]
[-1.1943305584896404, -1.6061622671129216, -0.842417391709747] yes
[ 1.]
[-1.1943305584896404, -1.6061622671129216, -0.842417391709747] yes
[ 1.]
[-1.2954996422486424, -1.47989464489186, -1.6636254649495021] yes
[ 1.]
[-1.2954996422486424, -1.47989464489186, -1.6636254649495021] yes
[ 1.]
[-0.6314794195698319, -0.537052488677487, -1.7769463367405955] yes
[ 1.]
[-0.6314794195698319, -0.537052488677487, -1.7769463367405955] yes
[ 1.]
[-1.6479425092077222, -0.459638827135874, -1.5142901468249543] yes
[ 1.]
[-1.6479425092077222, -0.459638827135874, -1.5142901468249543] yes
[ 1.]
[-0.7038756451605983, -1.1573888857148145, -1.5797017148438228] yes
[ 1.]
[-0.7038756451605983, -1.1573888857148145, -1.5797017148438228] yes
[ 1.]
[-0.19302275011784298, -0.3903244790726368, -1.0153787470403208] yes
[ 1.]
[-1.376473896609187, -0.7520693187457499, -0.9794612465135786] yes
[ 1.]
[-0.6420096387455225, -1.5524581991821373, -0.4192086336178944] yes
[ 1.]
[-1.7710257463980386, -0.9096273652629319, -1.3024812035854745] yes
[ 1.]
[-0.19629799260296688, -0.3144838149465343, -1.0744544404468623] yes
[ 1.]
[-0.4873262682320192, -0.35185733522928464, -0.6399931548371596] yes
[ 1.]
[-1.4037376585582473, -1.4401704076777788, -0.831653661345662] yes
[ 1.]
[-0.30924168517148587, -0.3356138806085802, -1.4542782590907917] yes
[ 1.]
[-0.6722064733129964, -1.4645705637236734, -1.2363416652554784] yes
[ 1.]
[-0.22385048754177017, -1.5470846649540448, -0.24898853159127343] yes
[ 1.]
[-0.8208315667583785, -1.679937368901413, -0.6773658973382535] yes
[ 1.]
[-0.2236969347957296, -1.1538399217275717, -1.125684467860668] yes
[ 1.]
[-0.2898257199216472, -0.5361749885513714, -1.6634833730296616] yes
[ 1.]
[-1.643464923636559, -1.0661250979240913, -1.3486670172445223] yes
[ 1.]
[-0.3343590805377388, -0.03120154875646941, -0.6876939956772308] yes
[ 1.]
[-1.115775923070704, -1.1973501509212519, -0.3457861708426915] yes
[ 1.]
[-0.6420714906574094, -1.1329022430807623, -0.4704537486046618] yes
[ 1.]
[-1.7403408504372655, -0.5138825371975204, -1.8087496132544614] yes
[ 1.]
[-0.7742579174855146, -0.5938420455470155, -0.3692181218938422] yes
[ 1.]
[-0.5665740968978143, -1.3711701932613345, -1.4371389391982914] yes
[ 1.]
[-1.2089880102944, -1.7312038953989801, -1.7154831380141518] yes
[ 1.]
[-1.2902586351643113, -1.4933275148131584, -0.34541851135918433] yes
[ 1.]
[-0.07101456585594512, -1.0154873025536038, -1.304825520047378] yes
[ 1.]
[-0.948136812828503, -1.795740771614522, -1.2541867620711251] yes
[ 1.]
[-0.1648542138475695, -0.5102365870872116, -1.6416697612116287] yes
[ 1.]
[-1.0662654976604757, -1.6433648273212995, -0.1933298535913428] yes
[ 1.]
[-1.7246937686338986, -1.178758986813607, -0.9853660739566976] yes
[ 1.]
[-0.9436451976851168, -1.0904883110018857, -1.3500675796345034] yes
[ 1.]
[-1.3379442371968926, -1.4773614076428638, -0.07098297203504123] yes
[ 1.]
[-1.0186610049017812, -1.534058399753084, -1.2135978428684104] yes
[ 1.]
[-0.47406382627762644, -0.8030424235681197, -0.45670169851632325] yes
[ 1.]
[-0.6597487375235827, -1.6572812331016327, -0.5262249509664967] yes
[ 1.]
[-1.3191831092537645, -1.6227058240741894, -0.49013516219073106] yes
[ 1.]
[-0.688910767431766, -1.4113953923994014, -0.7408482711370499] yes
[ 1.]
[-0.7367530430635725, -1.3427950006430842, -1.7743705643075631] yes
[ 1.]
[-1.0859371294329236, -1.660325663204281, 0.2356643269917642] yes
[ 1.]
[-1.226863547470044, -0.6122931531813571, -1.4150601662947475] yes
[ 1.]
[-1.6333607344943546, -1.279902038123987, -1.6306270456171141] yes
[ 1.]
[-1.5541578472213173, -1.4163886790224618, -1.6647298425319041] yes
[ 1.]
[-0.6198965293712013, -1.119663257432394, -0.9969580518510401] yes
[ 1.]
[-1.235332362207065, -1.2091887900075309, -1.8149796477735318] yes
[ 1.]
[-1.5612737640669414, -1.5645866109000643, -0.8772976681275151] yes
[ 1.]
[-0.4770357757781749, -1.2576178578500647, -1.150841656570209] yes
[ 1.]
[-0.8508988994156255, -0.6217517816978795, -0.7168421364720019] yes
[ 1.]
[-0.6568011238527367, -0.9153253173529041, -1.6456026027649826] yes
[ 1.]
[-1.7180076769167498, -0.9659753077257429, -1.0743963019082876] yes
[ 1.]
[-1.048110965881451, -0.49918036123816245, -0.9981432569944477] yes
[ 1.]
[-0.940103339817516, -0.37963306589928036, -1.8095808814834624] yes
[ 1.]
[-0.48979665972241726, -1.0803743373717118, -1.7027517887458825] yes
[ 1.]
[-0.4864657286413334, -0.8392603783086305, -0.6657865184181508] yes
[ 1.]
[-0.23498325715463997, -1.5794761368176704, -1.349068070385752] yes
[ 1.]
[-1.2266486592069066, -0.6079821531821623, -1.70979203991338] yes
[ 1.]
[-0.8588335928661839, -1.1774472176880963, -0.2677887013866487] yes
[ 1.]
[-1.1322163662739877, -1.3589083674220892, -0.9997479913522613] yes
[ 1.]
[-1.6600119837265193, -0.5551770182168236, -1.0005170055081776] yes
[ 1.]
[-1.1116825075202812, -1.6984410288898228, -1.3331921503640773] yes
[ 1.]
[-0.9220930229238911, -1.7860563135645426, 0.22560994926211508] yes
[ 1.]
[-1.631521314858084, -1.450258647313549, -0.7076270547541466] yes
[ 1.]
[-0.009771151887082663, -0.8760588200476058, -1.2922473980514708] yes
[ 1.]
[-0.7017266434814853, -0.844776137089887, -0.13309770563020829] yes
[ 1.]
[-1.1806148614425938, -0.9690562070532853, -1.1302663583487387] yes
[ 1.]
[0.11495783841150731, -0.6122871146022772, -1.3698166069742177] yes
