[1.0782652599999998, 0.014610479999999992, 0.110154343] yes
[0.6569846699999999, -0.02081866200000001, 0.07444095640000001] yes
[-1.467871294, -0.08437681119999998, -0.33798122199999997] yes
[-0.736242082, 0.0209855562, 0.0316169746] yes
[-0.5486334, -0.0344263066, -0.07637443619999999] yes
[-0.41561046199999996, -0.08787364859999999, 0.045220755999999994] yes
[-0.341802216, -0.044290638199999996, 0.007784841600000002] yes
[-1.13544996, -0.1351652142, -0.158023071] yes
[-0.0369291304, -0.511165232, 0.29787101399999993] no
[-0.0369291304, -0.511165232, 0.29787101399999993] no
[-0.010499672000000015, 0.281152156, -0.16781119539999997] no
[-0.010499672000000015, 0.281152156, -0.16781119539999997] no
[0.5469472773999999, -0.4117735959999999, -0.083935171] no
[0.5469472773999999, -0.4117735959999999, -0.083935171] no
[0.0854432596, -0.013595104399999997, -0.11286315799999999] no
[0.0854432596, -0.013595104399999997, -0.11286315799999999] no
[0.164961148, -0.1516693122, -0.26693592] no
[0.164961148, -0.1516693122, -0.26693592] no
[0.180116464, -0.23693933200000003, -0.13343734599999998] no
[0.180116464, -0.23693933200000003, -0.13343734599999998] no
[-0.242196358, -0.41209305, 0.8419690980000001] yes
[0.05089417, -0.020986359800000003, 1.040336634] yes
[0.676682838, 0.15205380334, 1.1459869360000001] yes
[0.27192453399999994, -0.0013771388000000107, 0.946541652] yes
[0.5495919579999999, 0.18242149800000002, 0.051749040000000024] yes
[-0.28647163600000003, 0.20288915704, -0.5175510379999999] yes
[0.757600471, -0.217155648, 0.287126165] yes
[0.645258884, -0.316100508, 0.100805848] yes
[0.2928278466, -0.24490861600000002, -0.315338328] yes
[0.07288293626, -0.08475256076000001, 0.189584366] yes
[0.19228372679999997, -0.05788307165999999, 0.013932039600000012] yes
[-1.5381607880000001, -0.08898334360000001, -0.17915249199999997] yes
[-0.2821632254, -0.09858499999999999, 0.6340514780000001] yes
[-0.23276595900000002, -0.1258582752, 1.04883894] yes
[-0.48825466199999995, -0.631237352, 0.6194418880000001] yes
[-0.611149104, -1.03563636, 1.118803448] yes
[0.042900787600000004, 0.5660928114, 0.9547446079999998] yes
[0.032512387600000005, 0.9236692200000001, 0.543250306] yes
[0.03014730778, 0.42466690200000007, 0.7490124359999999] yes
[0.157836484, -0.46891141799999997, 0.038421251800000014] yes
[0.625866424, -0.17468566800000002, -0.1374727221] yes
[0.5695913060000001, -0.1000980142, 0.259378252] yes
[0.43134644600000005, -0.29795410440000003, -0.013843918999999993] yes
[1.1830416540000002, -0.18297790000000003, -0.052494812200000004] yes
[1.02476667, -0.28493253, 0.053961941999999985] yes
[1.0192928819999998, -0.2143942526, 0.14243565] yes
[0.5271830879999999, 0.04190791120000001, -0.134806256] yes
[0.35780830799999996, 0.09220881480000001, 0.049815179399999986] yes
[0.23036581999999997, 1.81291872, -0.9960283220000001] yes
[0.23036581999999997, 1.81291872, -0.9960283220000001] yes
[0.4325448834, 1.77965832, -0.8960006440000001] yes
[0.4325448834, 1.77965832, -0.8960006440000001] yes
[0.19326683979999998, 1.00330742, -0.568552788] yes
[0.19326683979999998, 1.00330742, -0.568552788] yes
[0.21365131999999995, -0.54902209, 0.240077404] yes
[0.21365131999999995, -0.54902209, 0.240077404] yes
[0.215878514, -1.313807, 0.7683160740000001] yes
[0.215878514, -1.313807, 0.7683160740000001] yes
[-0.11705568800000003, -1.51531344, 0.98571721] yes
[-0.11705568800000003, -1.51531344, 0.98571721] yes
[0.7126108576, -0.5934466386, 0.50168189392] yes
[0.7126108576, -0.5934466386, 0.50168189392] yes
[0.729228648, -0.40452337800000004, 0.079663664] yes
[0.729228648, -0.40452337800000004, 0.079663664] yes
[-0.24923884200000002, -0.784908112, 0.27563266] yes
[-0.14309042279999998, -0.471039436, -0.024838828799999997] yes
[0.5125075308, 0.477164034, 0.15984497000000003] yes
[0.2726415928, 0.05206005579999999, 0.050835227999999996] yes
[0.19794206399999997, -0.054849339244000005, 0.023400497544000004] yes
[0.238601004, 0.12374739480000001, 0.002442551200000004] yes
[0.33675130379999996, -0.273908188, 0.128360748] yes
[-0.5507485560000001, 0.0536560524, -0.07041931799999998] yes
[-0.282125218, 0.09223797339999999, -0.1199638358] yes
[0.136465924, -0.44487376, 0.2177608506] yes
[0.255553432, 0.01815648799999998, -0.032932855999999976] yes
[0.686026064, 0.12627351199999998, -0.012287330000000008] yes
[0.771495218, -0.17080302439999998, 0.101147458] yes
[0.19410785000000003, -0.490624478, -0.12094364272] yes
[-0.0927665808, -0.12615161000000003, -0.106151391] yes
[0.0140334844, 0.002894829599999993, 0.009415052800000004] yes
[-0.06770461800000001, -0.1191754368, 0.058997532799999995] yes
[-0.4366717834, 0.0691692108, -0.20415191840000002] yes
[0.28214617999999997, -0.16904704680000002, -0.030532640999999992] yes
[0.1678474488, -0.2603070992, 0.060212330599999996] yes
[0.41417349000000003, 0.046208523999999994, -0.008287047999999997] yes
[0.515103564, -0.567126018, 0.18584422799999997] yes
[0.487958067, -0.538014888, 0.22195014399999996] yes
[0.38866714, -0.10836599200000001, 0.198182869] yes
[0.23551169099999997, -0.162804749, -0.164654548] yes
[0.6035272600000001, -0.22088043659999998, 0.27115669200000003] yes
[0.39538248, -0.43356900600000003, 0.1437433292] yes
[0.664375614, 0.16083082999999998, -0.09617805880000001] yes
[0.7339036660000001, -0.26935415100000004, 0.359324067] yes
[0.335592392, -0.25914881712, 0.0926277156] yes
[0.138822142, -0.34309341660000003, 0.16613329999999998] yes
[-0.009542023400000006, -0.5264618839999999, 0.16567897599999998] yes
[-0.046086304, -0.130933876, 0.19634571199999998] yes
[0.303116408, -0.27136800279999995, 0.0773008372] yes
[0.5325278640000001, -0.43800861399999996, 0.09119205999999998] yes
[0.395531302, -0.41998476, 0.24108181] yes
[0.9874538640000001, -0.09093027299999998, 0.083516118] yes
[0.959259772, -0.0746589194, 0.11137943860000002] yes
[0.862755948, -0.222282314, 0.09390316] yes
[0.8141740399999999, -0.654032986, 0.03679104] yes
[0.50130656, -0.957048912, 0.24076194539999998] yes
[0.039121061, -0.470549632, 0.1491148008] yes
[-0.030932242199999994, -0.15798223, 0.025284004] yes
[0.119776382, -0.23853921320000002, 0.12208862260000002] yes
[0.29962649500000005, -0.81454259, 0.137667083] yes
[-0.265126124, -1.1081938120000001, 0.2185014716] yes
[-0.270965148, -0.3937044352, -0.0020473472599999987] yes
[-0.163800594, -0.1556190382, 0.05108756880000002] yes
[-0.0750962596, 0.11326216559999999, 0.05326632726] yes
[0.2077674792, 0.429226685, -0.1060409554] yes
[0.22083152000000003, 0.52638999, -0.0936357506] yes
[0.1455996248, 0.515914632, -0.071035956] yes
[-0.012662326800000002, 0.14140017052, -0.014551162680000002] yes
[-0.022774510079999997, -0.0520576952, 0.013217353799999998] yes
[0.1570490164, 0.04971094098, -0.027957344800000006] yes
[0.10281982859999998, -0.0023051729999999993, 0.0202062602] yes
[0.0037375448000000035, 0.003671026200000008, -0.06340828007] yes
[0.017043175999999993, -0.0849698528, 0.1066570278] yes
[0.23205299999999998, -0.22759642600000002, 0.0720626832] yes
[-0.013853046000000008, -0.12995217080000002, 0.07110271480000001] yes
[0.04723670314, -0.187558486, 0.1113143934] yes
[0.0148878448, -0.024063706040000004, 0.019488906999999996] yes
