23.49344566 87.3160514 59 
23.49351897 87.31614618 25 
23.49460091 87.3172119 6 
23.49466727 87.31719271 6 
23.4946887 87.31711062 2 
23.49472805 87.3170645 88 
23.494728144529557 87.31706047333542 116 
23.49475703 87.31711362 6 
23.49477537 87.31707547 8 
23.49646588 87.31357004 4 
23.49646958 87.31363616 6 
23.496506019999998 87.31362532 8 
23.496615590726908 87.31352110810076 8 
23.49897785 87.30944598 10 
23.50015688 87.30590226 3 
23.50020154 87.3058761 44 
23.50021886 87.30610932 24 
23.50027377 87.30600691 32 
23.500278481684628 87.30592762712867 2 
23.50030622 87.30590021 5 
23.5003118 87.30588696 4 
23.500312520288595 87.30593533474985 26 
23.50035224 87.30593339 11 
23.503111133030274 87.30746426295762 61 
23.50316296 87.30741715 14 
23.50321403 87.30746376 22 
23.50323741 87.30748156 30 
23.50326031 87.30750151 13 
23.50327991 87.30754205 11 
23.50330479 87.30753674 22 
23.50344458 87.30768983 20 
23.50353737 87.30770853 8 
23.50357053 87.3077183 14 
23.50360975 87.30767707 32 
23.50361626 87.30776569 18 
23.50366746564445 87.30774403681106 10 
23.5036824 87.30778477 40 
23.50717749 87.30985629 3 
23.50720897 87.30993534 1 
23.50729223 87.30989167 49 
23.51114882 87.31064827 4 
23.51116761 87.31067678 6 
23.51147504 87.31060076 8 
23.51934134 87.31129692 8 
23.519410332321236 87.31124625086346 10 
23.51952544 87.31113652 7 
23.51961334 87.31116114 6 
23.52602748638308 87.31117572239455 38 
23.52629749 87.31116783 38 
23.52657128 87.3111169 93 
23.526698705649242 87.31120830759191 111 
23.526775 87.31115429 109 
23.527135305189375 87.31115952765983 100 
23.52714482 87.31118466 104 
23.52714866 87.31122995 172 
23.52718275 87.31121218 168 
23.52720688 87.31117751 274 
23.52723599 87.31117791 98 
23.52811361 87.31119533 30 
23.52816135 87.31117962 26 
23.52817485 87.31120561 172 
23.52820869 87.31117199 48 
23.52823731 87.31114873 50 
23.52824647 87.31119009 24 
23.52827114 87.31117783 28 
23.52831444 87.3111519 41 
23.52831685 87.31114803 38 
23.52832041 87.31114604 43 
23.52832155 87.31114036 11 
23.52832259841502 87.31109464609935 174 
23.52841901 87.31108421 25 
23.52882562 87.31040986 2 
23.52890333 87.31050518 0 
23.53332021 87.30653326 56 
23.53333015 87.30659269 10 
23.53334423 87.30653469 9 
23.53336231 87.30655908 56 
23.53340316 87.30646219 2 
23.533495846727842 87.30649054921999 8 
23.53448305 87.30082946 3 
23.53511171 87.29761608 65 
23.53512184 87.29760839 75 
23.53512236 87.29748496 30 
23.5351309 87.29765496 76 
23.53514085 87.29757603 3 
23.53514644 87.29759056 110 
23.53517478 87.29764817 144 
23.53547133 87.29874399 48 
23.53550237 87.29722424 270 
23.53551565 87.29735193 16 
23.5355341 87.29877114 30 
23.53568098 87.29755136 12 
23.53568518 87.2980973 12 
23.53570547 87.29758065 1084 
23.53570686 87.2974907 94 
23.53571698 87.29795581 196 
23.53572177 87.29783287 102 
23.53572212 87.29800808 156 
23.53572224 87.29757144 82 
23.53572321 87.29791447 20 
23.53573141 87.29789771 20 
23.53575411 87.29752173 268 
23.535763937982924 87.29745973411082 602 
23.53584112 87.2960548 14 
23.535854959999998 87.29781801 428 
23.53594027 87.29588303 3 
23.53601491 87.29580597 22 
23.536027897222137 87.2958965245803 4 
23.53617469 87.29579938 2 
23.53624717 87.29591975 3 
23.53627684 87.29597938 2 
23.53633439 87.29603714 3 
23.53719891 87.2965475 27 
23.53746707 87.29673697 11 
23.53749694 87.29677114 26 
23.53750968 87.29673601 22 
23.53751649 87.29673897 18 
23.53753749 87.29676995 6 
23.53754549 87.2967556 38 
23.537557204971247 87.29683678464671 36 
23.53756349 87.29673785 6 
23.53757434 87.2967334 22 
23.53759359 87.29679184 24 
23.53762182 87.29674854 27 
23.53769392 87.29666467 24 
23.53786186 87.29754385 9 
23.53788402 87.29750184 5 
23.53830821 87.29788084 34 
23.53836683 87.29787185 36 
23.53846257 87.29793186 4 
23.53858446 87.29803688 5 
23.53879937 87.29802642 8 
23.53889421 87.29821717 26 
23.53889525 87.29826042 20 
23.53892519 87.29817039 10 
23.53922096 87.29311355 15 
23.53929301 87.29844332 24 
23.54030396 87.29911832 3 
23.54030418 87.29922395 2 
23.54040882 87.29924122 6 
23.540419172919954 87.29902748126628 12 
23.54042796 87.29917052 10 
23.54164808 87.30002658 3 
23.54169302 87.3001111 14 
23.54170623 87.30010434 10 
23.54170894 87.29998519 10 
23.54174441 87.29992638 8 
23.54184805 87.30019474 8 
23.54206219 87.28978907 197 
23.54229815 87.30683564 6 
23.54231893 87.30687691 6 
23.54234879 87.30698289 9 
23.54236369 87.30692509 34 
23.54236448 87.30693899 38 
23.542372 87.30686347 28 
23.54238784 87.30694066 18 
23.54240991 87.30693771 20 
23.5424383 87.30692975 42 
23.54246089 87.30689925 10 
23.54249277 87.3068678 8 
23.54258411 87.30071431 4 
23.54261052 87.3007143 8 
23.54268877 87.3007164 4 
23.54274966 87.30081499 4 
23.54277484 87.30085671 2 
23.54291164 87.3008687 4 
23.54331535 87.30121384 8 
23.54333757 87.3046267 8 
23.54334742 87.304769 5 
23.54335721 87.30118908 11 
23.54337356 87.30126013 10 
23.5433743 87.30452978 10 
23.54341282 87.30125047 7 
23.543877555880094 87.3042855697754 12 
23.54421611 87.30812622 5 
23.54426791 87.308218 4 
23.54429392 87.30823712 46 
23.54429483 87.30821293 36 
23.54431076 87.30825538 38 
23.54433309 87.30827626 32 
23.54435557 87.30819376 44 
23.54436004 87.30823736 5 
23.54442241 87.30191481 10 
23.54448643 87.28286404 27 
23.54457342 87.30208395 8 
23.54458193 87.30212419 10 
23.54458997 87.30209813 5 
23.54461039 87.30209121 12 
23.54461588 87.30209212 16 
23.5446443 87.30208481 20 
23.54465205 87.30211071 20 
23.54467855 87.30191157 18 
23.54468555 87.30201209 16 
23.5459739 87.30936292 12 
23.54614979784616 87.30206996039004 14 
23.54657372 87.30988027 220 
23.54659546 87.30981909 274 
23.54660476 87.30987144 274 
23.54661115 87.30992543 2 
23.54661923 87.30985785 6 
23.54663285 87.30990434 382 
23.54663392 87.30979613 4 
23.54667887 87.30991661 4 
23.54669471 87.30987861 1 
23.54697363 87.28256789 9 
23.54808311 87.30772942 2 
23.54810234 87.30764332 8 
23.54813715 87.30778403 2 
23.5481809 87.28357216 14 
23.54818872 87.30382191 1 
23.54821358 87.30389152 4 
23.54822434 87.30381217 7 
23.54822438 87.3037068 4 
23.54822685 87.30762506 10 
23.54824982 87.30369321 3 
23.5482582 87.30381603 24 
23.548291 87.30386797 10 
23.54840192 87.30145103 8 
23.5484871 87.3014295 12 
23.54870651 87.30118415 8 
23.55014318 87.28502931 10 
23.55068152 87.28553709 2 
23.55119907 87.2859786 14 
23.55194821 87.29688502 14 
23.55195838 87.29683851 24 
23.55202419 87.29693974 28 
23.55209106 87.29678314 5 
23.55211052 87.29673518 9 
23.55215942 87.29681215 14 
23.55248986 87.28700361 10 
23.55437443 87.28611526 0 
23.55437572 87.28608932 0 
23.55749705 87.29870687 4 
23.55910798 87.28460645 11 
23.55924887 87.29877762 8 
23.55931663 87.29875863 12 
23.55931858 87.29883134 12 
23.55982031 87.29873888 34 
23.55993203 87.29870286 17 
23.55994442 87.29865131 15 
23.55995682 87.29867872 30 
23.55998623 87.29868955 31 
23.55999327 87.29879395 86 
23.56000011 87.29878056 38 
23.56009581 87.29875279 24 
23.56012038 87.2988264 42 
23.56012892 87.29883756 36 
23.5603398 87.29876874 106 
23.56239381 87.29882087 10 
23.56262704 87.29867356 2 
23.56264251 87.29872021 5 
23.56278097 87.29864786 5 
23.56390632 87.28382947 10 
23.56409555 87.28346807 4 
23.56421156 87.28302809 3 
23.56425937 87.2831372 10 
23.56438537 87.28296114 4 
23.56474762 87.29871837 3 
23.56475627 87.29875811 4 
23.5649886 87.29875246 6 
23.56531972 87.28352631 12 
23.56613848 87.28501672 3 
23.56620385 87.28502661 4 
23.56620416 87.28503425 1 
23.56630196 87.28526743 41 
23.56633958 87.28530437 37 
23.56657844 87.29885625 28 
23.56784093 87.30232699 4 
23.56786238 87.30227218 0 
23.56786411 87.30225087 0 
23.5679866 87.29880209 8 
23.56805373 87.30237311 3 
23.56809272 87.30241973 0 
23.56812688 87.29887716 6 
23.56812695 87.30243027 1 
23.56818078 87.29889045 8 
23.56818309 87.30243063 9 
23.56820188 87.29889056 10 
23.5682254 87.2988805 6 
23.57072885 87.30251465 6 
23.57198358 87.28533436 6 
23.57200637 87.27753608 3 
23.57200752 87.30255067 76 
23.57203239 87.30255782 28 
23.57203823 87.30255437 93 
23.57205799 87.27845189 0 
23.57207554 87.27835422 3 
23.57209184 87.27730827 10 
23.57210414 87.27849565 8 
23.57211556 87.30253293 16 
23.57212778 87.30255195 92 
23.57213269 87.30257688 8 
23.57216156 87.27845772 5562 
23.57221919 87.28250521 8 
23.5722218 87.30263879 274 
23.57222321 87.27734443 5 
23.57222358 87.3026083 272 
23.57225821 87.30253696 126 
23.57226239 87.28396408 10 
23.57227065 87.28248958 26 
23.57228459 87.30253982 180 
23.57228801 87.30259391 188 
23.57229124 87.28409738 20 
23.57230077 87.3025993 166 
23.57234938 87.30256126 5 
23.57237114 87.30258186 2 
23.572476963983096 87.30305072504585 158 
23.57364231 87.27651833 5910 
23.5736939 87.27648549 20 
23.57372018 87.27642885 8 
23.57372311 87.27652314 10 
23.573723453667494 87.27653584846249 12 
23.573752425314826 87.29566239612919 6 
23.57379632 87.27650022 18 
23.57384509 87.27642634 10 
23.57396237 87.29861667 12 
23.57396458 87.29930419 21 
23.57396771 87.27636493 12 
23.57397433 87.29906594 10 
23.5739777 87.29933299 21 
23.57399567386296 87.29924654194082 88 
23.57400504 87.29867435 11 
23.57400523 87.29934221 29 
23.57402141 87.29527693 7 
23.57402857 87.29518243 8 
23.5740387 87.29875646 12 
23.5740622 87.30068395 18 
23.5740716 87.29848152 43 
23.57408278 87.29925388 228 
23.57409542 87.29921657 142 
23.57411954 87.29935459 228 
23.57412876 87.29928911 78 
23.57413121 87.29916779 400 
23.57414136 87.29149836 8 
23.57415333 87.29575134 8 
23.57416438 87.29923705 80 
23.57418221 87.29571879 8 
23.57420365 87.30254156 8 
23.574218427406123 87.30246839124099 26 
23.57423693 87.30259913 8 
23.57424562 87.30259346 4 
23.57425068 87.30258783 0 
23.57489591 87.29149414 16 
23.57491798 87.2914857 30 
23.57498348 87.29154282 12 
23.57502411 87.29147339 14 
23.57505 87.29147832 16 
23.57505975 87.29147895 7 
23.57538354 87.27562055 18 
23.57539868 87.27558988 16 
23.57645803 87.27494926 6 
23.57650889 87.27488148 5898 
23.57650896 87.27494073 34 
23.57651426 87.27484218 4 
23.57651721 87.27494091 10 
23.57653318 87.27493569 11 
23.57663845 87.27483388 12 
23.578544797724774 87.28269595713827 14 
23.57863135 87.28267389 10 
23.57864231 87.28237678 7 
23.57864929 87.28243696 6 
23.57864983 87.28265986 92 
23.5786659 87.2828406 22 
23.57866983 87.28268347 18 
23.57869967 87.27364491 22 
23.57924715 87.29155478 4 
23.57928103 87.29159426 2 
23.57929027 87.2915295 36 
23.57931666 87.2915549 12 
23.57934031 87.29150392 5 
23.57936861 87.29153962 64 
23.57937706 87.29159659 4 
23.57949502 87.27347516 4 
23.57952346 87.27351824 10 
23.5795627 87.27354973999999 25 
23.57957058 87.27345454 18 
23.57959263 87.27340534 6132 
23.57959882 87.27348679 6 
23.57960715 87.27348783 24 
23.57960751 87.2735005 2 
23.57963647 87.28070942 14 
23.57965014 87.28062188 12 
23.57973196 87.28769212 16 
23.57977512 87.27348594 6 
23.579860883539872 87.27329377194293 22 
23.57998932 87.28748967 2 
23.58001472 87.28747099 10 
23.58002658 87.28743126 6 
23.58004821 87.28745396 9 
23.5800597 87.28747313 9 
23.58007991 87.28750356 2 
23.58008753 87.28748632 11 
23.58016289 87.28747951 22 
23.5802014 87.27969312 22 
23.58023736 87.2874719 20 
23.58026043 87.27945435 9 
23.58027961 87.27949523 22 
23.58028683 87.27941965 9 
23.580287769999998 87.27948689 8 
23.58028887 87.27949535 6 
23.58031072 87.27947036 0 
23.5821215 87.27607802 122 
23.58213082 87.27616768 46 
23.58214991 87.27605034 119 
23.58215162 87.27600691 9 
23.58217453 87.27578947 9 
23.58231574 87.27608576 260 
23.58231774 87.27599797 6946 
23.58232723949779 87.27603612211192 260 
23.58233541 87.27600546 258 
23.58233974 87.2760132 252 
23.58234734 87.27599868 252 
23.58237578 87.27604009 284 
23.58278227 87.2832976 38 
23.58285343 87.28334658 10 
23.58288538 87.28357737 6 
23.58304441 87.28750946 6 
23.58312676 87.28752958 2 
23.58320216 87.28755943 6 
23.58326005 87.28754077 10 
23.58333866 87.28751421 10 
23.58448365 87.28340154 20 
23.58448408 87.28351022 6 
23.58450723 87.28344914 20 
23.58466216 87.2875392 4 
23.58467648 87.28753706 4 
23.58472649 87.28751016 4 
23.58612304 87.28756412 4 
23.58618615 87.28758088 2 
23.58632158 87.28759841 6 
23.58635491 87.28765812 4 
23.58644425 87.28756288 16 
23.586560254479508 87.2878809796277 14 
23.58702549 87.28796402 10 
23.58704071 87.28351518 82 
23.58709486 87.2835577 80 
23.58715481 87.28355354 8 
23.58718681 87.28351 4 
23.58718943 87.28355337 4 
23.58880358 87.28216788 4 
23.58881175 87.28195246 24 
23.58881789 87.28210263 3 
23.58882135 87.28199686 16 
23.58882313 87.28200462 22 
23.58883051 87.28203377 4 
23.58884641 87.2819983 32 
23.58884732 87.28196907 36 
23.58884923 87.28205422 26 
23.58886449 87.28216935 69 
23.58888186 87.28626173 3 
23.58891108 87.28625768 4 
23.588925512132477 87.28193952009397 28 
23.58894202 87.28626913 2 
23.58898788 87.28619747 1 
23.58899185 87.28624776 8 
23.59045995 87.28476401 6 
23.59052557 87.28465202 6 
23.59060072 87.28453602 5 
23.5906333 87.28448894 6 
23.59063621 87.28453733 5 
23.59065679 87.28456969 14 
23.59068361 87.28451285 44 
23.59068835 87.28448446 16 
23.59069072 87.28443225 8 
23.590749548143208 87.28454845835897 42 
23.590833471206228 87.2846887832051 4 
